%YAML:1.0
M1: !!opencv-matrix
   rows: 3
   cols: 3
   dt: d
   data: [ 2.0246875824781043e+002, 0., 1.5773468552701652e+002, 0.,
       2.0246875824781043e+002, 1.1658449388675992e+002, 0., 0., 1. ]
D1: !!opencv-matrix
   rows: 1
   cols: 5
   dt: d
   data: [ -4.7525571164003699e-001, 2.2609029835154640e-001, 0., 0., 0. ]
M2: !!opencv-matrix
   rows: 3
   cols: 3
   dt: d
   data: [ 2.0246875824781043e+002, 0., 1.4540121731467460e+002, 0.,
       2.0246875824781043e+002, 1.1937431645761345e+002, 0., 0., 1. ]
D2: !!opencv-matrix
   rows: 1
   cols: 5
   dt: d
   data: [ -4.7275068322061181e-001, 2.3822301013088043e-001, 0., 0., 0. ]
R: !!opencv-matrix
   rows: 3
   cols: 3
   dt: d
   data: [ 9.9999710602168479e-001, -1.6602685346377769e-003,
       1.7411078795497002e-003, 1.6811854222019819e-003,
       9.9992560028402422e-001, -1.2081701544476431e-002,
       -1.7209194726987862e-003, 1.2084593705479733e-002,
       9.9992549774027761e-001 ]
T: !!opencv-matrix
   rows: 3
   cols: 1
   dt: d
   data: [ -1.1259271275707752e+000, -2.0807480172166676e-002,
       -2.1514640593364096e-002 ]
E: !!opencv-matrix
   rows: 3
   cols: 3
   dt: d
   data: [ 7.1978097935554246e-005, 2.1261589966299167e-002,
       -2.1065863434360423e-002, -2.3452208249137116e-002,
       1.3642091959481869e-002, 1.1258057841452256e+000,
       1.8914527682436528e-002, -1.1258779049168894e+000,
       1.3639343583821080e-002 ]
F: !!opencv-matrix
   rows: 3
   cols: 3
   dt: d
   data: [ 1.4017108779573076e-006, 4.1405097930086057e-004,
       -1.3155367918295194e-001, -4.5671136578753042e-004,
       2.6566788017683970e-004, 4.4800095126666246e+000,
       1.2889394526671955e-001, -4.5311448475909906e+000, 1. ]
