%YAML:1.0
M1: !!opencv-matrix
   rows: 3
   cols: 3
   dt: d
   data: [ 1.9696121497300018e+002, 0., 1.5362830470482660e+002, 0.,
       1.9660843304050908e+002, 1.1684622605883540e+002, 0., 0., 1. ]
D1: !!opencv-matrix
   rows: 1
   cols: 5
   dt: d
   data: [ -4.6131782397483223e-001, 2.4527317522303152e-001, 0., 0., 0. ]
M2: !!opencv-matrix
   rows: 3
   cols: 3
   dt: d
   data: [ 1.9696121497300018e+002, 0., 1.4600439105181093e+002, 0.,
       1.9660843304050908e+002, 1.1908848145633273e+002, 0., 0., 1. ]
D2: !!opencv-matrix
   rows: 1
   cols: 5
   dt: d
   data: [ -4.8122199790507281e-001, 3.4603036864698705e-001, 0., 0., 0. ]
R: !!opencv-matrix
   rows: 3
   cols: 3
   dt: d
   data: [ 9.9960746351044227e-001, -2.3073039177404974e-003,
       -2.7921232831859728e-002, 2.0957748525205896e-003,
       9.9996890197885335e-001, -7.6028154636199425e-003,
       2.7937906542675753e-002, 7.5413144635067151e-003,
       9.9958121328593164e-001 ]
T: !!opencv-matrix
   rows: 3
   cols: 1
   dt: d
   data: [ -1.0739308458964811e+000, -4.2757360695340203e-002,
       -2.3866013277674042e-002 ]
E: !!opencv-matrix
   rows: 3
   cols: 3
   dt: d
   data: [ -1.1445333566606204e-003, 2.3542824389255302e-002,
       -4.2920903375554827e-002, 6.1467346093503211e-003,
       8.1539163669015584e-003, 1.0741474664398858e+000,
       4.0489859610894088e-002, -1.0739961029981699e+000,
       6.9710598187898102e-003 ]
F: !!opencv-matrix
   rows: 3
   cols: 3
   dt: d
   data: [ -2.8327433642824298e-006, 5.8373523986327816e-005,
       -2.7308747925234789e-002, 1.5240591112774807e-005,
       2.0253597476727470e-005, 5.1986027260096890e-001,
       1.8336733073262841e-002, -5.3542905668994578e-001, 1. ]
