%YAML:1.0
R: !!opencv-matrix
   rows: 3
   cols: 3
   dt: d
   data: [ 9.9983108876096161e-001, -6.8509144509937532e-003,
       -1.7054586428735932e-002, 6.7640504128355155e-003,
       9.9996388363820576e-001, -5.1457789701409148e-003,
       1.7089223770630387e-002, 5.0295517078652015e-003,
       9.9984131843034729e-001 ]
T: !!opencv-matrix
   rows: 3
   cols: 1
   dt: d
   data: [ -1.0796439568810068e+000, -1.0809776237778446e-002,
       -3.1376956988847515e-002 ]
R1: !!opencv-matrix
   rows: 3
   cols: 3
   dt: d
   data: [ 9.9992318032375493e-001, 3.3056858692131325e-003,
       1.1945957147141981e-002, -3.2752093833152219e-003,
       9.9999133437331400e-001, -2.5698602635666765e-003,
       -1.1954348778696052e-002, 2.5305373367922029e-003,
       9.9992534217613682e-001 ]
R2: !!opencv-matrix
   rows: 3
   cols: 3
   dt: d
   data: [ 9.9952790173069173e-001, 1.0007626025471523e-002,
       2.9048598643909185e-002, -1.0081683343190501e-002,
       9.9994628857600976e-001, 2.4040848634931857e-003,
       -2.9022979220063756e-002, -2.6958086722812164e-003,
       9.9957510938037775e-001 ]
P1: !!opencv-matrix
   rows: 3
   cols: 4
   dt: d
   data: [ 5.6443082255609461e+001, 0., 1.5271476459503174e+002, 0., 0.,
       5.6443082255609461e+001, 1.2063520431518555e+002, 0., 0., 0., 1.,
       0. ]
P2: !!opencv-matrix
   rows: 3
   cols: 4
   dt: d
   data: [ 5.6443082255609461e+001, 0., 1.5271476459503174e+002,
       -6.0967215181778194e+001, 0., 5.6443082255609461e+001,
       1.2063520431518555e+002, 0., 0., 0., 1., 0. ]
Q: !!opencv-matrix
   rows: 4
   cols: 4
   dt: d
   data: [ 1., 0., 0., -1.5271476459503174e+002, 0., 1., 0.,
       -1.2063520431518555e+002, 0., 0., 0., 5.6443082255609461e+001, 0.,
       0., 9.2579400399575895e-001, 0. ]
