%YAML:1.0
R: !!opencv-matrix
   rows: 3
   cols: 3
   dt: d
   data: [ 9.9984594867402887e-001, -4.5882393433757350e-003,
       1.6941870612747899e-002, 4.9385711959567726e-003,
       9.9977364101324073e-001, -2.0694860465104877e-002,
       -1.6843082695090529e-002, 2.0775341028623179e-002,
       9.9964228390483301e-001 ]
T: !!opencv-matrix
   rows: 3
   cols: 1
   dt: d
   data: [ -1.0846270908355997e+000, 6.7375955557297347e-003,
       -7.2667112806818437e-002 ]
R1: !!opencv-matrix
   rows: 3
   cols: 3
   dt: d
   data: [ 9.9643383421471576e-001, -9.3856200202302193e-003,
       8.3854183968339518e-002, 1.0259468337907305e-002,
       9.9989740425537244e-001, -9.9962129224999072e-003,
       -8.3751760229763245e-002, 1.0820864115417507e-002,
       9.9642789581495150e-001 ]
R2: !!opencv-matrix
   rows: 3
   cols: 3
   dt: d
   data: [ 9.9774404246748027e-001, -6.1978867051033226e-003,
       6.6846181050539702e-002, 5.5007646977125787e-003,
       9.9992860583851195e-001, 1.0607771377167331e-002,
       -6.6907154388684234e-002, -1.0216135582526051e-002,
       9.9770690248457650e-001 ]
P1: !!opencv-matrix
   rows: 3
   cols: 4
   dt: d
   data: [ 9.4140656092781072e+001, 0., 1.7761389398574829e+002, 0., 0.,
       9.4140656092781072e+001, 1.0210633945465088e+002, 0., 0., 0., 1.,
       0. ]
P2: !!opencv-matrix
   rows: 3
   cols: 4
   dt: d
   data: [ 9.4140656092781072e+001, 0., 1.7761389398574829e+002,
       -1.0233837697968093e+002, 0., 9.4140656092781072e+001,
       1.0210633945465088e+002, 0., 0., 0., 1., 0. ]
Q: !!opencv-matrix
   rows: 4
   cols: 4
   dt: d
   data: [ 1., 0., 0., -1.7761389398574829e+002, 0., 1., 0.,
       -1.0210633945465088e+002, 0., 0., 0., 9.4140656092781072e+001, 0.,
       0., 9.1989592634904205e-001, 0. ]
