%YAML:1.0
R: !!opencv-matrix
   rows: 3
   cols: 3
   dt: d
   data: [ 9.9999899332222209e-001, 1.4122054583537891e-003,
       1.3795030177797858e-004, -1.4122062391488223e-003,
       9.9999900282079990e-001, 5.5627301557141414e-006,
       -1.3794230849891790e-004, -5.7575388326973425e-006,
       9.9999999046938504e-001 ]
T: !!opencv-matrix
   rows: 3
   cols: 1
   dt: d
   data: [ -1.7883735127176592e+000, 7.5751880938187924e-002,
       1.7251350891009036e-003 ]
R1: !!opencv-matrix
   rows: 3
   cols: 3
   dt: d
   data: [ 9.9916253407905431e-001, -4.0909019958726416e-002,
       -8.2618323594856567e-004, 4.0909023221577447e-002,
       9.9916287543682492e-001, -1.2956560819587885e-005,
       8.2602165787323443e-004, -2.0852639043243557e-005,
       9.9999965862663576e-001 ]
R2: !!opencv-matrix
   rows: 3
   cols: 3
   dt: d
   data: [ 9.9910364233083016e-001, -4.2320007325397480e-002,
       -9.6377447931125587e-004, 4.2320003518398007e-002,
       9.9910410704248698e-001, -2.4352364852511989e-005,
       9.6394163280155893e-004, -1.6456402931875053e-005,
       9.9999953527274965e-001 ]
m_P1: !!opencv-matrix
   rows: 3
   cols: 4
   dt: d
   data: [ 9.6368753922395767e-001, 0., 3.9717402327951277e+001, 0., 0.,
       9.6368753922395767e-001, 7.7461992646765339e+000, 0., 0., 0., 1.,
       0. ]
P2: !!opencv-matrix
   rows: 3
   cols: 4
   dt: d
   data: [ 9.6368753922395767e-001, 0., 3.9717402327951277e+001,
       -1.7249794682597215e+000, 0., 9.6368753922395767e-001,
       7.7461992646765339e+000, 0., 0., 0., 1., 0. ]
Q: !!opencv-matrix
   rows: 4
   cols: 4
   dt: d
   data: [ 1., 0., 0., -3.9717402327951277e+001, 0., 1., 0.,
       -7.7461992646765339e+000, 0., 0., 0., 9.6368753922395767e-001, 0.,
       0., 5.5866609252815758e-001, 0. ]
