%YAML:1.0
R: !!opencv-matrix
   rows: 3
   cols: 3
   dt: d
   data: [ 9.9983286489240253e-001, -6.8142495386247200e-003,
       -1.6964913329464277e-002, 6.7339688714798005e-003,
       9.9996587911535029e-001, -4.7847955340490755e-003,
       1.6996939262373768e-002, 4.6697546284647229e-003,
       9.9984463665482604e-001 ]
T: !!opencv-matrix
   rows: 3
   cols: 1
   dt: d
   data: [ -1.0776831555218396e+000, -1.3600527806808127e-002,
       -4.3847892822966215e-002 ]
R1: !!opencv-matrix
   rows: 3
   cols: 3
   dt: d
   data: [ 9.9970272947975380e-001, 5.9900407612786056e-003,
       2.3634129609702851e-002, -5.9338095028519371e-003,
       9.9997939678849590e-001, -2.4486533645876290e-003,
       -2.3648310204195902e-002, 2.3076850292583465e-003,
       9.9971767615376883e-001 ]
R2: !!opencv-matrix
   rows: 3
   cols: 3
   dt: d
   data: [ 9.9909387546355721e-001, 1.2608718959028294e-002,
       4.0650316326225358e-002, -1.2705385706055377e-002,
       9.9991703482404781e-001, 2.1205288831962653e-003,
       -4.0620206612846113e-002, -2.6350853679428191e-003,
       9.9917118410202022e-001 ]
m_P1: !!opencv-matrix
   rows: 3
   cols: 4
   dt: d
   data: [ 5.4380907375678134e+001, 0., 1.4907862377166748e+002, 0., 0.,
       5.4380907375678134e+001, 1.2068294525146484e+002, 0., 0., 0., 1.,
       0. ]
P2: !!opencv-matrix
   rows: 3
   cols: 4
   dt: d
   data: [ 5.4380907375678134e+001, 0., 1.4907862377166748e+002,
       -5.8658539802949043e+001, 0., 5.4380907375678134e+001,
       1.2068294525146484e+002, 0., 0., 0., 1., 0. ]
Q: !!opencv-matrix
   rows: 4
   cols: 4
   dt: d
   data: [ 1., 0., 0., -1.4907862377166748e+002, 0., 1., 0.,
       -1.2068294525146484e+002, 0., 0., 0., 5.4380907375678134e+001, 0.,
       0., 9.2707570898217528e-001, 0. ]
