%YAML:1.0
M1: !!opencv-matrix
   rows: 3
   cols: 3
   dt: d
   data: [ 1.1688474543114849e+002, 0., 1.6740022151864366e+002, 0.,
       1.1455965463259669e+002, 1.2566707505529301e+002, 0., 0., 1. ]
D1: !!opencv-matrix
   rows: 1
   cols: 5
   dt: d
   data: [ -1.4771305901024198e-001, 1.2298279977438946e-002, 0., 0., 0. ]
M2: !!opencv-matrix
   rows: 3
   cols: 3
   dt: d
   data: [ 1.1688474543114849e+002, 0., 1.5650334996195116e+002, 0.,
       1.1455965463259669e+002, 1.2657878819414620e+002, 0., 0., 1. ]
D2: !!opencv-matrix
   rows: 1
   cols: 5
   dt: d
   data: [ -1.3995709745517190e-001, 1.0567425219746962e-002, 0., 0., 0. ]
