%YAML:1.0
M1: !!opencv-matrix
   rows: 3
   cols: 3
   dt: d
   data: [ 1.1763169861602309e+002, 0., 1.6740593187749795e+002, 0.,
       1.1532815465062276e+002, 1.2563713819705940e+002, 0., 0., 1. ]
D1: !!opencv-matrix
   rows: 1
   cols: 5
   dt: d
   data: [ -1.4954522061664571e-001, 1.2598883568202678e-002, 0., 0., 0. ]
M2: !!opencv-matrix
   rows: 3
   cols: 3
   dt: d
   data: [ 1.1780290400393299e+002, 0., 1.5655217353212458e+002, 0.,
       1.1568985743082682e+002, 1.2654498318825586e+002, 0., 0., 1. ]
D2: !!opencv-matrix
   rows: 1
   cols: 5
   dt: d
   data: [ -1.4202430283018047e-001, 1.0882666090802231e-002, 0., 0., 0. ]
