%YAML:1.0
M1: !!opencv-matrix
   rows: 3
   cols: 3
   dt: d
   data: [ 2.1973626053571749e+002, 0., 1.6669909703337555e+002, 0.,
       2.1973626053571749e+002, 1.2080260706190495e+002, 0., 0., 1. ]
D1: !!opencv-matrix
   rows: 1
   cols: 8
   dt: d
   data: [ -4.9912009204892549e-001, 1.2018838026286423e-001, 0., 0., 0.,
       0., 0., -4.1703430280017030e-002 ]
M2: !!opencv-matrix
   rows: 3
   cols: 3
   dt: d
   data: [ 2.1973626053571749e+002, 0., 1.5035545507302257e+002, 0.,
       2.1973626053571749e+002, 1.2514711333559471e+002, 0., 0., 1. ]
D2: !!opencv-matrix
   rows: 1
   cols: 8
   dt: d
   data: [ -4.9437183039975191e-001, 7.9938630638083638e-002, 0., 0., 0.,
       0., 0., -7.7471376702600403e-002 ]
