%YAML:1.0
R: !!opencv-matrix
   rows: 3
   cols: 3
   dt: d
   data: [ 9.9999710602168479e-001, -1.6602685346377769e-003,
       1.7411078795497002e-003, 1.6811854222019819e-003,
       9.9992560028402422e-001, -1.2081701544476431e-002,
       -1.7209194726987862e-003, 1.2084593705479733e-002,
       9.9992549774027761e-001 ]
T: !!opencv-matrix
   rows: 3
   cols: 1
   dt: d
   data: [ -1.1259271275707752e+000, -2.0807480172166676e-002,
       -2.1514640593364096e-002 ]
R1: !!opencv-matrix
   rows: 3
   cols: 3
   dt: d
   data: [ 9.9964215374046084e-001, 1.7043560706946900e-002,
       2.0617504785050925e-002, -1.6918353844918656e-002,
       9.9983745182069073e-001, -6.2321135970109746e-003,
       -2.0720370853609466e-002, 5.8810692171184656e-003,
       9.9976801271922688e-001 ]
R2: !!opencv-matrix
   rows: 3
   cols: 3
   dt: d
   data: [ 9.9964686121022295e-001, 1.8473781947750664e-002,
       1.9101629592693015e-002, -1.8589154326666732e-002,
       9.9980991584487222e-001, 5.8800952108652845e-003,
       -1.8989371078812795e-002, -6.2331018615481397e-003,
       9.9980025616480750e-001 ]
P1: !!opencv-matrix
   rows: 3
   cols: 4
   dt: d
   data: [ 1.4695773851980141e+002, 0., 1.4948366355895996e+002, 0., 0.,
       1.4695773851980141e+002, 1.1856427383422852e+002, 0., 0., 0., 1.,
       0. ]
P2: !!opencv-matrix
   rows: 3
   cols: 4
   dt: d
   data: [ 1.4695773851980141e+002, 0., 1.4948366355895996e+002,
       -1.6552215669999541e+002, 0., 1.4695773851980141e+002,
       1.1856427383422852e+002, 0., 0., 0., 1., 0. ]
Q: !!opencv-matrix
   rows: 4
   cols: 4
   dt: d
   data: [ 1., 0., 0., -1.4948366355895996e+002, 0., 1., 0.,
       -1.1856427383422852e+002, 0., 0., 0., 1.4695773851980141e+002, 0.,
       0., 8.8784330418167801e-001, 0. ]
