%YAML:1.0
R: !!opencv-matrix
   rows: 3
   cols: 3
   dt: d
   data: [ 9.9960746351044227e-001, -2.3073039177404974e-003,
       -2.7921232831859728e-002, 2.0957748525205896e-003,
       9.9996890197885335e-001, -7.6028154636199425e-003,
       2.7937906542675753e-002, 7.5413144635067151e-003,
       9.9958121328593164e-001 ]
T: !!opencv-matrix
   rows: 3
   cols: 1
   dt: d
   data: [ -1.0739308458964811e+000, -4.2757360695340203e-002,
       -2.3866013277674042e-002 ]
R1: !!opencv-matrix
   rows: 3
   cols: 3
   dt: d
   data: [ 9.9927355963596143e-001, 3.7633835079774393e-002,
       -6.0039545020762735e-003, -3.7654737992418703e-002,
       9.9928499994465103e-001, -3.4072851863368543e-003,
       5.8714324655026150e-003, 3.6308873305397980e-003,
       9.9997617118509186e-001 ]
R2: !!opencv-matrix
   rows: 3
   cols: 3
   dt: d
   data: [ 9.9896211341719954e-001, 3.9772564097180010e-002,
       2.2199979778777940e-002, -3.9850475726050973e-002,
       9.9920091326613225e-001, 3.0780696117561073e-003,
       -2.2059817348515434e-002, -3.9595546798981479e-003,
       9.9974881164484874e-001 ]
P1: !!opencv-matrix
   rows: 3
   cols: 4
   dt: d
   data: [ 1.4897160714709389e+002, 0., 1.5255284118652344e+002, 0., 0.,
       1.4897160714709389e+002, 1.1880605697631836e+002, 0., 0., 0., 1.,
       0. ]
P2: !!opencv-matrix
   rows: 3
   cols: 4
   dt: d
   data: [ 1.4897160714709389e+002, 0., 1.5255284118652344e+002,
       -1.6015142309127970e+002, 0., 1.4897160714709389e+002,
       1.1880605697631836e+002, 0., 0., 0., 1., 0. ]
Q: !!opencv-matrix
   rows: 4
   cols: 4
   dt: d
   data: [ 1., 0., 0., -1.5255284118652344e+002, 0., 1., 0.,
       -1.1880605697631836e+002, 0., 0., 0., 1.4897160714709389e+002, 0.,
       0., 9.3019221603910585e-001, 0. ]
